281752122,0.5015,4111.3281,2061.7407281752162,0.5015,4096.6797,2054.3948281752202,0.5279,4101.5625,2165.0984281752241,0.47?bS????53,1950.9083281752281,0.5279,4106.4453,2167.6758281752320,0.5279,4101.5625,2165.0984281752359,0.5543,4096.6797,2270.6470281752399,0.4487,4106.4453,1842.5247281752438,0.5015,4106.4453,2059.2920281752478,0.4751,4106.4453,1950.9083281752517,0.4751,4111.3281,1953.2280281752557,0.5015,4106.4453,2059.2920281752597,0.5015,4101.5625,2056.8435281752636,0.5015,4106.4453,2059.2920281752676,0.5279,4101.5625,2165.0984281752715,0.5279,4101.5625,2165.0984281752755,0.4751,4101.5625,1948.5886281752795,0.5015,4106.4453,2059.2920281752834,0.4751,4101.5625,1948.5886281752873,0.4751,4096.6797,1946.2688281752912,0.4751,4096.6797,1946.2688281752952,0.5543,4096.6797,2270.6470281752992,0.4751,4106.4453,1950.9083281753031,0.5015,4038.0859,2025.0114281753071,0.5543,4106.4453,2276.0598281753110,0.5279,4101.5625,2165.0984281753150,0.5015,4106.4453,2059.2920281753190,0.5543,4101.5625,2273.3533281753229,0.5015,4101.5625,2056.8435281753269,0.5279,4106.4453,2167.6758281753308,0.5279,4067.3828,2147.0559281753348,0.4751,4106.4453,1950.9083281753387,0.5543,4101.5625,2273.3533281753426,0.5015,4106.4453,2059.2920281753466,0.5015,4106.4453,2059.2920281753505,0.4751,4082.0313,1939.3096281753545,0.6071,4111.3281,2495.7915281753584,0.5015,4096.6797,2054.3948281753624,0.5543,4106.4453,2276.0598281753664,0.6334,4101.5625,2598.1179281753703,0.4751,4106.4453,1950.9083281753743,0.5279,4106.4453,2167.6758281753782,0.6071,4082.0313,2478.0068281753822,0.6071,4101.5625,2489.8633281753862,0.6071,4111.3281,2495.7915281753901,0.5015,4106.4453,2059.2920281753940,0.5279,4101.5625,2165.0984281753979,0.5279,4111.3281,2170.2534281754019,0.5543,4101.5625,2273.3533281754059,0.4751,4086.9141,1941.6294281754098,0.4751,4111.3281,1953.2280281754138,0.5279,4086.9141,2157.3660281754177,0.6334,4106.4453,2601.2109281754217,0.5279,4101.5625,2165.0984281754257,0.5279,4101.5625,2165.0984281754296,0.5279,4116.2109,2172.8308281754336,0.5279,4096.6797,2162.5210281754375,0.4751,4096.6797,1946.2688281754415,0.6334,4096.6797,2595.0251281754455,0.5543,4106.4453,2276.0598281754493,0.4751,4111.3281,1953.2280281754533,0.6598,4106.4453,2709.5950281754572,0.5807,4106.4453,2384.4436281754612,0.4487,4106.4453,1842.5247281754651,0.5279,4106.4453,2167.6758281754691,0.5015,4106.4453,2059.2920281754731,0.6598,4101.5625,2706.3730281754770,0.5279,4082.0313,2154.7883281754810,0.5543,4111.3281,2278.7661281754849,0.5015,4106.4453,2059.2920281754889,0.5015,4072.2656,2042.1517281754929,0.4487,4106.4453,1842.5247281754968,0.5015,4106.4453,2059.2920281755008,0.5543,4101.5625,2273.3533281755046,0.5279,4101.5625,2165.0984281755086,0.5543,4106.4453,2276.0598281755126,0.5279,4101.5625,2165.0984281755165,0.4751,4111.3281,1953.2280281755205,0.6071,4111.3281,2495.7915281755244,0.5015,4086.9141,2049.4976281755284,0.5279,4101.5625,2165.0984281755324,0.5015,4101.5625,2056.8435281755363,0.5015,4101.5625,2056.8435281755403,0.5279,4091.7969,2159.9434281755442,0.6598,4101.5625,2706.3730281755482,0.6334,4101.5625,2598.1179281755522,0.5015,4111.3281,2061.7407281755560,0.5015,4106.4453,2059.2920281755600,0.5279,4106.4453,2167.6758281755639,0.5015,4121.0938,2066.6379281755679,0.5015,4106.4453,2059.2920281755719,0.5015,4082.0313,2047.0490281755758,0.4751,4096.6797,1946.2688281755798,0.5279,4106.4453,2167.6758281755837,0.5015,4096.6797,2054.3948281755877,0.5279,4116.2109,2172.8308281755916,0.5279,4106.4453,2167.6758281755956,0.5015,4106.4453,2059.2920281755996,0.5015,4101.5625,2056.8435281756035,0.4751,4106.4453,1950.9083281756075,0.5279,4106.4453,2167.6758281756113,0.5807,4096.6797,2378.7732281756153,0.5279,4008.7891,2116.1260281756193,0.4751,4101.5625,1948.5886281756232,0.5279,4106.4453,2167.6758281756272,0.4751,4111.3281,1953.2280281756311,0.5279,4091.7969,2159.9434281756351,0.5279,4101.5625,2165.0984281756391,0.5543,4096.6797,2270.6470281756430,0.5279,4096.6797,2162.5210281756470,0.5015,4106.4453,2059.2920281756509,0.5015,4106.4453,2059.2920281756549,0.5015,4106.4453,2059.2920281756589,0.4751,4106.4453,1950.9083281756627,0.5015,4106.4453,2059.2920281756667,0.6334,4096.6797,2595.0251281756706,0.4751,4101.5625,1948.5886281756746,0.5015,4101.5625,2056.8435281756786,0.5279,4082.0313,2154.7883281756825,0.6598,4101.5625,2706.3730281756865,0.5543,4111.3281,2278.7661281756904,0.6071,4106.4453,2492.8274281756944,0.4751,4106.4453,1950.9083281756984,0.6071,4101.5625,2489.8633281757023,0.4751,4101.5625,1948.5886281757063,0.4751,4101.5625,1948.5886281757102,0.5015,4106.4453,2059.2920281757142,0.5807,4101.5625,2381.6084281757180,0.5543,4106.4453,2276.0598281757220,0.5279,4096.6797,2162.5210281757260,0.5015,4111.3281,2061.7407281757299,0.5279,4106.4453,2167.6758281757339,0.6071,4111.3281,2495.7915281757378,0.5543,4101.5625,2273.3533281757418,0.5279,4101.5625,2165.0984281757458,0.5015,4101.5625,2056.8435281757497,0.5543,4106.4453,2276.0598281757537,0.5279,4111.3281,2170.2534281757576,0.5015,4101.5625,2056.8435281757616,0.4751,4082.0313,1939.3096281757656,0.4751,4086.9141,1941.6294281757694,0.5279,4101.5625,2165.0984281757734,0.5543,4111.3281,2278.7661281757773,0.6071,4106.4453,2492.8274281757813,0.5015,4101.5625,2056.8435281757853,0.5543,4106.4453,2276.0598281757892,0.5279,4106.4453,2167.6758281757932,0.5279,4091.7969,2159.9434281757971,0.5015,4101.5625,2056.8435281758011,0.5543,4121.0938,2284.1790281758051,0.5279,4101.5625,2165.0984281758090,0.5279,4106.4453,2167.6758281758130,0.5807,4101.5625,2381.6084281758169,0.5279,4101.5625,2165.0984281758209,0.6334,4101.5625,2598.1179281758248,0.5543,4116.2109,2281.4724281758287,0.6598,4111.3281,2712.8167281758327,0.5279,4130.8594,2180.5635281758366,0.4751,4106.4453,1950.9083281758406,0.5279,4106.4453,2167.6758281758445,0.5279,4106.4453,2167.6758281758485,0.6334,4106.4453,2601.2109281758525,0.5279,4082.0313,2154.7883281758564,0.6598,4101.5625,2706.3730281758604,0.5543,4101.5625,2273.3533281758643,0.5543,4106.4453,2276.0598281758683,0.5279,4106.4453,2167.6758281758723,0.4751,4116.2109,1955.5479281758761,0.5015,4106.4453,2059.2920281758801,0.5807,4101.5625,2381.6084281758840,0.5015,4096.6797,2054.3948281758880,0.4751,4106.4453,1950.9083281758920,0.5015,4106.4453,2059.2920281758959,0.5279,4106.4453,2167.6758281758999,0.5279,4106.4453,2167.6758281759038,0.5543,4106.4453,2276.0598281759078,0.5279,4111.3281,2170.2534281759118,0.5015,4047.8516,2029.9086281759157,0.5015,4086.9141,2049.4976281759197,0.5279,4101.5625,2165.0984281759236,0.5279,4111.3281,2170.2534281759276,0.6598,4106.4453,2709.5950281759315,0.5279,4106.4453,2167.6758281759354,0.5279,4106.4453,2167.6758281759394,0.4751,4106.4453,1950.9083281759433,0.6071,4106.4453,2492.8274281759473,0.5015,4086.9141,2049.4976281759513,0.5543,4101.5625,2273.3533281759552,0.4751,4106.4453,1950.9083281759592,0.5015,4101.5625,2056.8435281759631,0.5543,4096.6797,2270.6470281759671,0.5015,4111.3281,2061.7407281759710,0.5015,4096.6797,2054.3948281759750,0.5279,4101.5625,2165.0984281759790,0.5807,4082.0313,2370.2673281759828,0.6598,4111.3281,2712.8167281759868,0.6071,3989.2578,2421.6885281759907,1.7684,3906.2500,6907.6948281759947,1.7948,3935.5469,7063.3760281759987,1.8476,3906.2500,7216.9946281760026,1.6892,3925.7813,6631.3872281760066,1.5836,3955.0781,6263.3203281760105,1.5572,3945.3125,6143.7246281760145,1.5572,3974.6094,6189.3462281760185,1.4253,3969.7266,5657.8662281760224,1.5572,3964.8438,6174.1392281760264,1.4780,3959.9609,5852.9829281760303,1.4516,3984.3750,5783.9058281760343,1.6628,3925.7813,6527.7720281760382,1.4780,3925.7813,5802.4639281760421,1.5836,3964.8438,6278.7852281760461,1.5308,3955.0781,6054.5435281760500,1.5044,3974.6094,5979.5381281760540,1.6100,3930.6641,6328.4023281760580,1.4780,3974.6094,5874.6338281760619,1.5836,3955.0781,6263.3203281760659,1.4780,3959.9609,5852.9829281760698,1.5836,3964.8438,6278.7852281760738,1.4780,3940.4297,5824.1147281760778,1.3725,3969.7266,5448.3154281760817,1.4780,3955.0781,5845.7661281760857,1.4780,3984.3750,5889.0679281760896,1.6628,3916.0156,6511.5337281760935,1.6100,3950.1953,6359.8481281760974,2.0587,3955.0781,8142.3169281761014,1.9531,3906.2500,7629.3945281761054,1.9531,3891.6016,7600.7842281761093,1.7948,3930.6641,7054.6128281761133,2.1643,3876.9531,8390.7881281761172,2.0059,3862.3047,7747.4434281761212,2.0587,3901.3672,8031.7422281761252,1.7948,3901.3672,7002.0317281761291,1.8739,3920.8984,7347.5454281761331,1.9795,3886.7188,7693.8320281761370,2.1115,3901.3672,8237.6836281761410,1.8739,3891.6016,7292.6445281761449,1.6892,3945.3125,6664.3794281761488,1.7156,3920.8984,6726.6255281761528,1.7948,3925.7813,7045.8491281761567,1.6892,3920.8984,6623.1392281761607,1.5836,3950.1953,6255.5879281761647,1.4516,3969.7266,5762.6411281761686,1.7420,3916.0156,6821.6069281761726,1.6364,3989.2578,6528.0293281761765,1.6628,3930.6641,6535.8911281761805,1.6100,3945.3125,6351.9868281761845,1.7420,3906.2500,6804.5952281761884,1.7948,3935.5469,7063.3760281761924,1.7420,3906.2500,6804.5952281761963,1.7156,3940.4297,6760.1333281762002,1.8212,3906.2500,7113.8950281762042,1.9267,3906.2500,7526.2949281762081,1.9795,3896.4844,7713.1631281762121,1.9795,3886.7188,7693.8320281762160,1.8212,3911.1328,7122.7871281762200,1.9795,3886.7188,7693.8320281762239,1.8476,3955.0781,7307.2070281762279,1.9795,3896.4844,7713.1631281762319,1.6892,3940.4297,6656.1313281762358,1.7156,3901.3672,6693.1182281762398,1.9531,3901.3672,7619.8579281762437,1.8476,3896.4844,7198.9521281762477,1.8476,3925.7813,7253.0796281762516,1.6628,3920.8984,6519.6528281762555,1.7420,3930.6641,6847.1240281762595,1.7420,3916.0156,6821.6069281762634,1.9531,3916.0156,7648.4678281762674,1.6364,3930.6641,6432.1465281762714,1.9267,3911.1328,7535.7026281762753,1.7156,3925.7813,6735.0024281762793,1.8739,3920.8984,7347.5454281762832,1.7420,3906.2500,6804.5952281762872,1.7948,3906.2500,7010.7954281762912,1.8739,3916.0156,7338.3950281762951,1.8739,3891.6016,7292.6445281762991,1.8476,3925.7813,7253.0796281763030,1.7420,3901.3672,6796.0894281763069,1.8739,3906.2500,7320.0947281763109,1.8476,3901.3672,7207.9736281763148,1.8739,3925.7813,7356.6953281763188,1.8212,3901.3672,7105.0024281763227,1.8476,3916.0156,7235.0371281763267,1.9267,3896.4844,7507.4790281763307,1.8476,3906.2500,7216.9946281763346,1.7420,3935.5469,6855.6299281763386,2.0587,3886.7188,8001.5854281763425,1.9003,3906.2500,7423.1948281763465,2.0323,3886.7188,7899.0010281763504,1.6628,3945.3125,6560.2485281763544,1.9267,3901.3672,7516.8867281763584,1.8739,3901.3672,7310.9448281763622,2.0059,3852.5391,7727.8545281763662,1.8739,3916.0156,7338.3950281763701,1.6364,3920.8984,6416.1660281763741,2.0059,3916.0156,7855.1831281763781,1.8212,3906.2500,7113.8950281763820,1.8739,3906.2500,7320.0947281763860,1.7948,3920.8984,7037.0854281763899,1.9531,4013.6719,7839.2031281763939,2.0323,3881.8359,7889.0771281763979,1.9267,3872.0703,7460.4399281764018,2.0059,3891.6016,7806.2104281764058,1.9003,3896.4844,7404.6367281764097,1.8212,3891.6016,7087.2178281764136,1.8212,3896.4844,7096.1104281764176,1.9531,3920.8984,7658.0049281764215,1.6628,3901.3672,6487.1763281764255,1.9531,3911.1328,7638.9312281764294,1.8212,3901.3672,7105.0024281764334,1.9795,3906.2500,7732.4941281764374,1.9003,3906.2500,7423.1948281764413,1.9795,3867.1875,7655.1694281764453,1.9267,3896.4844,7507.4790281764492,1.9795,3911.1328,7742.1597281764532,1.7156,3935.5469,6751.7563281764572,1.7948,3920.8984,7037.0854281764611,1.7156,3940.4297,6760.1333281764651,1.8739,3891.6016,7292.6445281764689,1.7948,3916.0156,7028.3223281764729,1.9267,3886.7188,7488.6631281764768,1.9795,3891.6016,7703.4976281764808,2.1115,3876.9531,8186.1338281764848,2.0323,3891.6016,7908.9243281764887,2.0323,3886.7188,7899.0010281764927,1.9795,3891.6016,7703.4976281764966,1.9003,3886.7188,7386.0786281765006,2.0851,3920.8984,8175.4380281765046,1.9795,3891.6016,7703.4976281765085,2.0851,3862.3047,8053.2646281765125,2.0851,3876.9531,8083.8081281765164,2.0851,3862.3047,8053.2646281765203,2.1907,3876.9531,8493.1143281765243,2.2171,3852.5391,8541.3135281765282,2.2435,3842.7734,8621.0869281765322,2.2698,3852.5391,8744.6777281765361,2.0851,3906.2500,8144.8945281765401,2.2698,3842.7734,8722.5107281765441,2.1379,3847.6563,8225.8281281765480,2.3226,3828.1250,8891.3379281765520,2.0587,3857.4219,7941.2720281765559,2.1115,3862.3047,8155.2041281765599,2.0587,3872.0703,7971.4287281765639,2.2171,3842.7734,8519.6621281765678,2.0851,3847.6563,8022.7212281765718,2.0851,3867.1875,8063.4458281765756,2.0587,3886.7188,8001.5854281765796,2.0323,3842.7734,7809.6904281765836,2.0587,3867.1875,7961.3765281765875,1.9003,3876.9531,7367.5205281765915,2.0587,3876.9531,7981.4810281765954,2.2171,3842.7734,8519.6621281765994,2.4018,3818.3594,9170.9961281766033,2.5866,3793.9453,9813.3086281766073,2.5866,3798.8281,9825.9385281766113,2.7185,3798.8281,10327.2620281766153,2.7713,3745.1172,10378.9400281766194,2.8241,3686.5234,10411.1590281766234,2.7449,3769.5313,10347.1080281766275,2.5338,3833.0078,9712.0127281766315,2.3754,3803.7109,9035.4199281766353,2.5602,3837.8906,9825.6807281766393,2.4018,3808.5938,9147.5410281766432,2.2962,3828.1250,8790.2998281766472,2.2962,3847.6563,8835.1484281766512,2.1379,3862.3047,8257.1445281766551,2.0587,3872.0703,7971.4287281766591,2.1379,3852.5391,8236.2666281766630,2.1115,3876.9531,8186.1338281766670,2.1379,3833.0078,8194.5107281766710,2.3226,3862.3047,8970.7246281766749,2.5074,3803.7109,9537.3877281766789,2.6394,3779.2969,9974.9180281766828,2.7449,3784.1797,10387.3170281766868,2.7185,3769.5313,10247.6170281766909,2.5074,3813.4766,9561.8740281766948,2.6394,3789.0625,10000.6920281766989,2.4282,3798.8281,9224.3506281767028,2.3754,3823.2422,9081.8145281767068,2.2962,3803.7109,8734.2393281767108,2.2962,3828.1250,8790.2998281767147,2.2698,3837.8906,8711.4277281767187,2.1643,3867.1875,8369.6523281767226,2.1115,3847.6563,8124.2739281767266,2.2171,3847.6563,8530.4883281767306,2.4546,3828.1250,9396.5273281767345,2.4546,3798.8281,9324.6152281767385,2.6658,3798.8281,10126.7320281767425,2.5602,3808.5938,9750.6758281767464,2.6394,3789.0625,10000.6920281767505,2.5866,3798.8281,9825.9385281767544,2.4282,3793.9453,9212.4941281767584,2.4546,3823.2422,9384.5420281767623,2.5074,3779.2969,9476.1719281767663,2.4810,3813.4766,9461.2227281767703,2.4546,3803.7109,9336.6006281767742,2.2962,3847.6563,8835.1484281767782,2.3226,3847.6563,8936.7021281767821,2.4810,3813.4766,9461.2227281767861,2.3490,3842.7734,9026.7852281767901,2.2171,3828.1250,8487.1855281767940,2.1907,3867.1875,8471.7207281767980,2.1115,3833.0078,8093.3442281768018,2.3226,3828.1250,8891.3379281768058,2.1643,3828.1250,8285.1104281768097,2.2435,3862.3047,8664.9043281768137,2.2171,3852.5391,8541.3135281768177,2.4282,3793.9453,9212.4941281768216,2.4810,3784.1797,9388.5371281768256,2.4282,3789.0625,9200.6377281768295,2.4810,3818.3594,9473.3369281768335,2.6394,3769.5313,9949.1426281768375,2.5338,3808.5938,9650.1523281768414,2.4810,3813.4766,9461.2227281768454,2.4018,3818.3594,9170.9961281768493,2.5074,3833.0078,9610.8467281768532,2.6130,3798.8281,9926.2031281768572,2.4282,3833.0078,9307.3457281768611,2.2962,3808.5938,8745.4512281768651,2.3490,3818.3594,8969.4365281768690,2.3754,3813.4766,9058.6172281768730,2.4018,3808.5938,9147.5410281768770,2.2435,3833.0078,8599.1787281768809,2.3226,3745.1172,8698.5410281768849,2.4018,3828.1250,9194.4512281768888,2.5866,3774.4141,9762.7900281768928,2.3754,3837.8906,9116.6104281768968,2.4546,3813.4766,9360.5713281769007,2.2962,3818.3594,8767.8750281769047,2.3754,3823.2422,9081.8145281769085,2.3226,3833.0078,8902.6787281769125,2.1643,3876.9531,8390.7881281769165,2.2435,3818.3594,8566.3154281769204,2.4810,3828.1250,9497.5654281769244,2.6658,3769.5313,10048.6350281769284,2.6394,3774.4141,9962.0303281769324,2.8505,3764.6484,10731.1560281769365,2.7713,3740.2344,10365.4090281769405,2.7713,3730.4688,10338.3460281769446,2.5866,3803.7109,9838.5684281769485,2.5074,3798.8281,9525.1445281769525,2.4282,3798.8281,9224.3506281769565,2.4018,3803.7109,9135.8135281769604,2.2435,3803.7109,8533.4521281769644,2.1643,3837.8906,8306.2461281769682,2.0851,3818.3594,7961.6343281769722,2.2171,3823.2422,8476.3604281769761,2.2962,3828.1250,8790.2998281769801,2.2698,3833.0078,8700.3447281769841,2.2171,3837.8906,8508.8369281769880,2.4546,3813.4766,9360.5713281769920,2.3754,3833.0078,9105.0117281769959,2.4546,3779.2969,9276.6729281769999,2.6130,3808.5938,9951.7207281770039,2.6921,3774.4141,10161.2710281770079,2.5866,3769.5313,9750.1602281770119,2.6921,3784.1797,10187.5620281770159,2.7185,3750.0000,10194.5210281770200,2.4810,3793.9453,9412.7656281770240,2.5338,3803.7109,9637.7803281770278,2.3754,3793.9453,9012.2217281770318,2.3490,3803.7109,8935.0264281770357,2.3490,3803.7109,8935.0264281770397,2.3754,3828.1250,9093.4131281770437,2.1907,3847.6563,8428.9346281770476,2.4546,3823.2422,9384.5420281770516,2.1643,3857.4219,8348.5166281770555,2.2171,3813.4766,8454.7090281770595,2.2171,3847.6563,8530.4883281770635,2.3754,3828.1250,9093.4131281770674,2.4546,3798.8281,9324.6152281770714,2.3754,3823.2422,9081.8145281770753,2.5074,3818.3594,9574.1172281770792,2.6130,3808.5938,9951.7207281770832,2.6394,3779.2969,9974.9180281770871,2.4810,3789.0625,9400.6514281770911,2.4018,3774.4141,9065.4473281770950,2.4282,3823.2422,9283.6328281770990,2.5602,3803.7109,9738.1748281771030,2.4810,3793.9453,9412.7656281771069,2.4018,3847.6563,9241.3623281771109,2.3226,3803.7109,8834.6328281771148,2.4282,3837.8906,9319.2031281771188,2.4546,3769.5313,9252.7021281771228,2.3754,3828.1250,9093.4131281771267,2.1379,3847.6563,8225.8281281771307,2.1379,3857.4219,8246.7051281771345,2.2171,3857.4219,8552.1387281771385,2.3226,3955.0781,9186.2031281771424,2.3754,3818.3594,9070.2158281771464,2.4546,3789.0625,9300.6436281771504,2.4546,3828.1250,9396.5273281771543,2.5074,3779.2969,9476.1719281771583,2.4810,3798.8281,9424.8799281771622,2.5338,3798.8281,9625.4082281771662,2.5338,3789.0625,9600.6650281771702,2.6658,3793.9453,10113.7160281771742,2.5866,3769.5313,9750.1602281771782,2.4018,3798.8281,9124.0859281771821,2.2698,3823.2422,8678.1777281771860,2.2435,3891.6016,8730.6309281771900,2.3490,3818.3594,8969.4365281771939,2.2435,3798.8281,8522.4980281771979,2.0851,3876.9531,8083.8081281772018,2.2435,3823.2422,8577.2695281772058,2.2171,3852.5391,8541.3135281772098,2.3490,3808.5938,8946.4961281772137,2.4018,3837.8906,9217.9063281772177,2.3490,3828.1250,8992.3760281772216,2.4546,3793.9453,9312.6289281772256,2.5338,3808.5938,9650.1523281772296,2.5602,3779.2969,9675.6699281772335,2.4018,3818.3594,9170.9961281772375,2.3754,3808.5938,9047.0186281772413,2.5074,3803.7109,9537.3877281772453,2.5338,3813.4766,9662.5244281772493,2.4282,3793.9453,9212.4941281772532,2.5074,3808.5938,9549.6309281772572,2.5338,3759.7656,9526.4326281772611,2.6394,3793.9453,10013.5800281772652,2.4282,3793.9453,9212.4941281772692,2.2435,3842.7734,8621.0869281772731,2.4018,3837.8906,9217.9063281772771,2.5074,3789.0625,9500.6582281772810,2.4546,3823.2422,9384.5420281772850,2.2698,3813.4766,8656.0117281772889,2.3490,3837.8906,9015.3154281772929,2.3490,3750.0000,8808.8584281772968,2.4018,3828.1250,9194.4512281773007,2.3226,3818.3594,8868.6563281773047,2.2698,3828.1250,8689.2617281773086,2.2435,3837.8906,8610.1328281773126,2.4546,3793.9453,9312.6289281773166,2.4018,3828.1250,9194.4512281773205,2.3490,3779.2969,8877.6777281773245,2.4282,3808.5938,9248.0635281773284,2.6658,3774.4141,10061.6500281773325,2.5074,3774.4141,9463.9287281773365,2.4282,3823.2422,9283.6328281773404,2.3490,3789.0625,8900.6172281773444,2.4282,3818.3594,9271.7764281773483,2.3754,3818.3594,9070.2158281773522,2.2962,3842.7734,8823.9355281773562,2.2171,3828.1250,8487.1855281773601,2.2962,3813.4766,8756.6631281773641,2.2698,3847.6563,8733.5947281773680,2.2435,3813.4766,8555.3613281773720,2.2962,3847.6563,8835.1484281773760,2.2698,3803.7109,8633.8447281773799,2.2698,3842.7734,8722.5107281773839,2.2435,3823.2422,8577.2695281773878,2.2171,3823.2422,8476.3604281773918,2.2962,3842.7734,8823.9355281773958,2.4018,3974.6094,9546.2803281773997,2.5602,3798.8281,9725.6738281774036,2.5338,3779.2969,9575.9209281774075,2.7185,3779.2969,10274.1650281774116,2.7449,3911.1328,10735.7950281774157,2.7185,3745.1172,10181.2460281774197,2.3490,3803.7109,8935.0264281774237,2.3754,3833.0078,9105.0117281774276,2.3490,3808.5938,8946.4961281774316,2.2698,3833.0078,8700.3447281774356,2.2962,3842.7734,8823.9355281774395,2.2435,3847.6563,8632.0420281774435,2.3490,3813.4766,8957.9668281774474,2.3226,3798.8281,8823.2920281774514,2.3226,3833.0078,8902.6787281774553,2.4018,3725.5859,8948.1719281774593,2.6394,3818.3594,10078.0180281774633,2.5074,3784.1797,9488.4150281774672,2.3754,3793.9453,9012.2217281774712,2.3226,3828.1250,8891.3379281774751,2.3490,3818.3594,8969.4365281774791,2.4810,3798.8281,9424.8799281774831,2.3490,3764.6484,8843.2676281774870,2.3226,3837.8906,8914.0195281774910,2.3754,3793.9453,9012.2217281774949,2.5866,3808.5938,9851.1982281774989,2.5074,3793.9453,9512.9014281775029,2.3490,3808.5938,8946.4961281775068,2.4546,3818.3594,9372.5566281775108,2.4810,3813.4766,9461.2227281775147,2.5338,3793.9453,9613.0371281775186,2.3754,3828.1250,9093.4131281775226,2.2435,3847.6563,8632.0420281775265,2.2698,3828.1250,8689.2617281775305,2.5074,3808.5938,9549.6309281775344,2.4282,3823.2422,9283.6328281775384,2.2171,3828.1250,8487.1855281775424,2.2962,3852.5391,8846.3604281775463,2.4810,3798.8281,9424.8799281775503,2.4282,3818.3594,9271.7764281775542,2.3754,3793.9453,9012.2217281775582,2.3754,3813.4766,9058.6172281775622,2.4018,3798.8281,9124.0859281775661,2.5866,3779.2969,9775.4199281775700,2.6394,3798.8281,10026.4680281775740,2.4810,3774.4141,9364.3086281775780,2.5602,3803.7109,9738.1748281775820,2.5602,3769.5313,9650.6680281775859,2.3490,3803.7109,8935.0264281775899,2.1643,3857.4219,8348.5166281775938,2.2435,3813.4766,8555.3613281775978,2.4018,3818.3594,9170.9961281776017,2.2435,3784.1797,8489.6348281776057,2.2435,3837.8906,8610.1328281776097,2.2171,3828.1250,8487.1855281776136,2.4546,3818.3594,9372.5566281776176,2.4546,3808.5938,9348.5859281776215,2.3490,3793.9453,8912.0869281776254,2.4018,3798.8281,9124.0859281776294,2.5602,3754.8828,9613.1660281776333,2.6394,3789.0625,10000.6920281776374,2.5602,3803.7109,9738.1748281776413,2.4810,3774.4141,9364.3086281776453,2.4018,3813.4766,9159.2686281776493,2.3754,3779.2969,8977.4258281776532,2.4018,3818.3594,9170.9961281776572,2.1379,3828.1250,8184.0723281776611,2.0851,3876.9531,8083.8081281776651,2.1115,3847.6563,8124.2739281776691,2.2435,3818.3594,8566.3154281776730,2.1643,3876.9531,8390.7881281776770,2.1907,3813.4766,8354.0576281776808,2.3226,3867.1875,8982.0654281776848,2.5074,3793.9453,9512.9014281776888,2.6394,3798.8281,10026.4680281776928,2.5074,3808.5938,9549.6309281776968,2.5602,3774.4141,9663.1689281777007,2.5866,3784.1797,9788.0498281777047,2.7449,3745.1172,10280.0940281777088,2.8241,3759.7656,10618.0040281777128,2.6130,3793.9453,9913.4453281777168,2.5338,3798.8281,9625.4082281777207,2.2962,3813.4766,8756.6631281777247,2.2698,3852.5391,8744.6777281777287,2.1115,3818.3594,8062.4141281777326,2.0059,3862.3047,7747.4434281777366,2.1115,3833.0078,8093.3442281777404,2.1115,3847.6563,8124.2739281777444,2.3226,3789.0625,8800.6094281777484,2.4018,3823.2422,9182.7236281777523,2.4546,3847.6563,9444.4688281777563,2.6921,3779.2969,10174.4160281777603,2.7185,3793.9453,10313.9870281777644,2.6130,3779.2969,9875.1689281777684,2.5074,3818.3594,9574.1172281777723,2.2962,3842.7734,8823.9355281777763,2.2171,3798.8281,8422.2334281777802,2.2962,3803.7109,8734.2393281777842,2.4282,3793.9453,9212.4941281777881,2.3490,3828.1250,8992.3760281777921,2.2698,3823.2422,8678.1777281777960,2.3490,3793.9453,8912.0869281777999,2.3226,3842.7734,8925.3604281778039,2.2435,3813.4766,8555.3613281778078,2.2435,3852.5391,8642.9961281778118,2.4282,3808.5938,9248.0635281778158,2.5338,3813.4766,9662.5244281778197,2.2962,3813.4766,8756.6631281778237,2.5074,3803.7109,9537.3877281778276,2.6130,3808.5938,9951.7207281778316,2.5338,3774.4141,9563.5488281778356,2.4282,3813.4766,9259.9199281778395,2.4810,3779.2969,9376.4229281778435,2.4810,3798.8281,9424.8799281778473,2.5602,3793.9453,9713.1729281778513,2.5338,3789.0625,9600.6650281778553,2.2962,3842.7734,8823.9355281778592,2.1907,3798.8281,8321.9678281778632,2.2698,3828.1250,8689.2617281778671,2.2698,3808.5938,8644.9287281778711,2.3226,3847.6563,8936.7021281778751,2.3754,3818.3594,9070.2158281778790,2.5338,3774.4141,9563.5488281778830,2.6658,3779.2969,10074.6670281778870,2.6921,3764.6484,10134.9800281778911,2.5074,3779.2969,9476.1719281778951,2.5338,3798.8281,9625.4082281778990,2.5866,3784.1797,9788.0498281779030,2.3490,3847.6563,9038.2559281779068,2.4018,3803.7109,9135.8135281779108,2.4018,3818.3594,9170.9961281779148,2.4810,3789.0625,9400.6514281779187,2.3226,3818.3594,8868.6563281779227,2.2171,3725.5859,8259.8506281779266,2.3754,3798.8281,9023.8213281779306,2.4546,3828.1250,9396.5273281779345,2.2962,3803.7109,8734.2393281779385,2.3226,3837.8906,8914.0195281779425,2.3490,3793.9453,8912.0869281779464,2.4810,3793.9453,9412.7656281779504,2.4810,3803.7109,9436.9941281779543,2.3226,3798.8281,8823.2920281779582,2.3226,3823.2422,8879.9971281779622,2.2962,3803.7109,8734.2393281779661,2.3490,3833.0078,9003.8457281779701,2.3754,3803.7109,9035.4199281779740,2.2962,3828.1250,8790.2998281779780,2.4810,3798.8281,9424.8799281779820,2.6394,3769.5313,9949.1426281779859,2.6130,3789.0625,9900.6865281779899,2.5602,3784.1797,9688.1709281779938,2.5338,3793.9453,9613.0371281779978,2.4546,3779.2969,9276.6729281780018,2.4018,3818.3594,9170.9961281780057,2.4018,3803.7109,9135.8135281780097,2.5602,3808.5938,9750.6758281780135,2.5074,3818.3594,9574.1172281780175,2.4810,3764.6484,9340.0801281780215,2.4018,3833.0078,9206.1787281780254,2.3490,3803.7109,8935.0264281780294,2.3490,3837.8906,9015.3154281780333,2.5338,3784.1797,9588.2930281780373,2.4282,3813.4766,9259.9199281780413,2.4018,3798.8281,9124.0859281780452,2.4810,3793.9453,9412.7656281780492,2.5074,3735.3516,9365.9844281780531,2.5074,3779.2969,9476.1719281780571,2.3490,3828.1250,8992.3760281780610,2.3226,3808.5938,8845.9736281780649,2.2962,3823.2422,8779.0879281780689,2.4810,3789.0625,9400.6514281780728,2.4018,3803.7109,9135.8135281780768,2.4018,3813.4766,9159.2686281780807,2.4810,3808.5938,9449.1084281780847,2.5602,3803.7109,9738.1748281780887,2.4018,3789.0625,9100.6309281780926,2.2698,3833.0078,8700.3447281780966,2.2435,3808.5938,8544.4063281781005,2.2962,3803.7109,8734.2393281781045,2.4018,3813.4766,9159.2686281781085,2.5338,3793.9453,9613.0371281781124,2.4810,3803.7109,9436.9941281781164,2.4018,3789.0625,9100.6309281781202,2.5074,3793.9453,9512.9014281781242,2.4810,3798.8281,9424.8799281781282,2.2698,3828.1250,8689.2617281781321,2.2962,3823.2422,8779.0879281781361,2.2698,3823.2422,8678.1777281781400,2.3754,3828.1250,9093.4131281781440,2.4282,3789.0625,9200.6377281781480,2.4546,3823.2422,9384.5420281781519,2.4018,3798.8281,9124.0859281781559,2.4546,3818.3594,9372.5566281781598,2.5338,3862.3047,9786.2441281781638,2.5866,3779.2969,9775.4199281781678,2.4546,3774.4141,9264.6875281781716,2.3754,3784.1797,8989.0244281781756,2.4282,3823.2422,9283.6328281781795,2.5338,3774.4141,9563.5488281781835,2.5602,3798.8281,9725.6738281781874,2.4282,3813.4766,9259.9199281781914,2.2962,3823.2422,8779.0879281781954,2.3490,3823.2422,8980.9063281781993,2.4546,3784.1797,9288.6582281782033,2.4546,3842.7734,9432.4834281782072,2.4810,3774.4141,9364.3086281782112,2.4810,3793.9453,9412.7656281782152,2.7185,3750.0000,10194.5210281782192,2.4546,3793.9453,9312.6289281782232,2.4282,3823.2422,9283.6328281782270,2.2962,3789.0625,8700.6025281782310,2.3490,3789.0625,8900.6172281782350,2.2171,3808.5938,8443.8838281782389,2.2171,3847.6563,8530.4883281782429,2.1643,3847.6563,8327.3818281782468,2.2698,3828.1250,8689.2617281782508,2.4282,3828.1250,9295.4893281782548,2.5074,3803.7109,9537.3877281782587,2.3226,3837.8906,8914.0195281782627,2.4546,3784.1797,9288.6582281782666,2.5074,3793.9453,9512.9014281782706,2.6921,3774.4141,10161.2710281782747,2.5074,3759.7656,9427.2002281782786,2.6394,3735.3516,9858.9307281782825,2.6130,3764.6484,9836.8936281782864,2.5602,3779.2969,9675.6699281782904,2.4018,3818.3594,9170.9961281782944,2.2962,3813.4766,8756.6631281782983,2.2171,3842.7734,8519.6621281783023,2.1907,3837.8906,8407.5410281783062,2.1115,3867.1875,8165.5142281783102,2.1907,3837.8906,8407.5410281783142,2.1643,3837.8906,8306.2461281783181,2.2962,3823.2422,8779.0879281783221,2.4546,3813.4766,9360.5713281783260,2.4810,3803.7109,9436.9941281783300,2.6921,3730.4688,10042.9640281783340,2.6394,3759.7656,9923.3672281783379,2.5866,3769.5313,9750.1602281783419,2.5338,3769.5313,9551.1768281783458,2.5074,3808.5938,9549.6309281783498,2.3490,3808.5938,8946.4961281783537,2.1907,3842.7734,8418.2373281783577,2.2698,3808.5938,8644.9287281783617,2.2962,3837.8906,8812.7236281783656,2.1907,3833.0078,8396.8447281783696,2.3226,3813.4766,8857.3145281783735,2.5866,3813.4766,9863.8281281783775,2.6394,3774.4141,9962.0303281783815,2.4546,3818.3594,9372.5566281783854,2.5074,3759.7656,9427.2002281783894,2.5338,3793.9453,9613.0371281783932,2.6130,3764.6484,9836.8936281783972,2.5338,3779.2969,9575.9209281784012,2.4282,3813.4766,9259.9199281784051,2.2435,3803.7109,8533.4521281784091,2.2962,3823.2422,8779.0879281784130,2.3226,3798.8281,8823.2920281784170,2.3226,3847.6563,8936.7021281784210,2.2962,3813.4766,8756.6631281784249,2.2698,3828.1250,8689.2617281784289,2.4810,3803.7109,9436.9941281784328,2.4546,3793.9453,9312.6289281784368,2.3754,3818.3594,9070.2158281784408,2.3754,3808.5938,9047.0186281784446,2.3754,3837.8906,9116.6104281784486,2.4282,3793.9453,9212.4941281784525,2.3490,3833.0078,9003.8457281784565,2.3226,3803.7109,8834.6328281784604,2.3226,3828.1250,8891.3379281784644,2.4810,3803.7109,9436.9941281784684,2.5074,3784.1797,9488.4150281784723,2.5602,3793.9453,9713.1729281784763,2.4546,3774.4141,9264.6875281784802,2.4810,3808.5938,9449.1084281784842,2.5602,3769.5313,9650.6680281784882,2.4546,3813.4766,9360.5713281784921,2.2962,3813.4766,8756.6631281784961,2.2171,3818.3594,8465.5352281784999,2.2962,3833.0078,8801.5117281785039,2.6658,3784.1797,10087.6840281785080,2.4018,3813.4766,9159.2686281785119,2.3490,3798.8281,8923.5566281785159,2.4546,3789.0625,9300.6436281785198,2.5866,3793.9453,9813.3086281785238,2.6130,3759.7656,9824.1348281785278,2.5338,3808.5938,9650.1523281785317,2.4546,3779.2969,9276.6729281785357,2.5602,3803.7109,9738.1748281785396,2.4282,3818.3594,9271.7764281785436,2.2962,3808.5938,8745.4512281785476,2.3226,3823.2422,8879.9971281785515,2.4282,3808.5938,9248.0635281785554,2.5074,3828.1250,9598.6035281785593,2.2171,3803.7109,8433.0586281785633,2.2435,3847.6563,8632.0420281785673,2.1379,3833.0078,8194.5107281785712,2.1643,3828.1250,8285.1104281785752,2.1907,3847.6563,8428.9346281785791,2.1907,3833.0078,8396.8447281785831,2.3226,3828.1250,8891.3379281785871,2.4282,3793.9453,9212.4941281785910,2.4810,3798.8281,9424.8799281785950,2.4810,3774.4141,9364.3086281785989,2.5866,3784.1797,9788.0498281786029,2.7713,3754.8828,10406.0050281786068,2.6921,3764.6484,10134.9800281786109,2.5866,3774.4141,9762.7900281786149,2.5074,3798.8281,9525.1445281786188,2.4546,3784.1797,9288.6582281786228,2.4810,3818.3594,9473.3369281786267,2.3226,3798.8281,8823.2920281786307,2.3490,3803.7109,8935.0264281786347,2.4018,3779.2969,9077.1748281786386,2.4282,3813.4766,9259.9199281786426,2.4810,3779.2969,9376.4229281786465,2.5602,3793.9453,9713.1729281786505,2.3754,3837.8906,9116.6104281786545,2.4018,3784.1797,9088.9033281786584,2.5602,3754.8828,9613.1660281786624,2.5074,3798.8281,9525.1445281786662,2.3490,3803.7109,8935.0264281786702,2.3754,3813.4766,9058.6172281786742,2.5338,3793.9453,9613.0371281786781,2.4018,3813.4766,9159.2686281786821,2.2171,3813.4766,8454.7090281786860,2.1643,3828.1250,8285.1104281786900,2.2962,3808.5938,8745.4512281786940,2.4018,3818.3594,9170.9961281786979,2.3226,3828.1250,8891.3379281787019,2.2962,3818.3594,8767.8750281787058,2.2962,3837.8906,8812.7236281787098,2.5338,3779.2969,9575.9209281787138,2.5074,3818.3594,9574.1172281787176,2.5602,3964.8438,10150.7030281787217,2.6394,3779.2969,9974.9180281787256,2.4810,3808.5938,9449.1084281787296,2.5074,3764.6484,9439.4424281787336,2.5602,3793.9453,9713.1729281787375,2.4810,3769.5313,9352.1943281787415,2.6394,3774.4141,9962.0303281787454,2.4810,3793.9453,9412.7656281787494,2.3490,3803.7109,8935.0264281787533,2.3754,3793.9453,9012.2217281787573,2.3226,3793.9453,8811.9512281787613,2.2435,3818.3594,8566.3154281787652,2.0851,3793.9453,7910.7290281787692,2.1643,3823.2422,8274.5430281787730,2.2435,3823.2422,8577.2695281787770,2.4282,3779.2969,9176.9248281787810,2.5074,3789.0625,9500.6582281787849,2.4282,3774.4141,9165.0684281787889,2.6658,3798.8281,10126.7320281787929,2.6394,3764.6484,9936.2549281787969,2.6658,3750.0000,9996.5693281788009,2.5074,3808.5938,9549.6309281788048,2.3226,3779.2969,8777.9277281788088,2.2698,3808.5938,8644.9287281788127,2.4018,3828.1250,9194.4512281788167,2.4018,3808.5938,9147.5410281788207,2.5338,3798.8281,9625.4082281788246,2.4810,3793.9453,9412.7656281788285,2.5866,3793.9453,9813.3086281788324,2.5074,3798.8281,9525.1445281788364,2.3490,3808.5938,8946.4961281788404,2.2962,3823.2422,8779.0879281788443,2.2435,3813.4766,8555.3613281788483,2.2962,3842.7734,8823.9355281788522,2.2435,3808.5938,8544.4063281788562,2.1907,3847.6563,8428.9346281788602,2.3490,3808.5938,8946.4961281788641,2.5074,3798.8281,9525.1445281788681,2.5074,3876.9531,9721.0342281788720,2.4282,3808.5938,9248.0635281788760,2.2698,3813.4766,8656.0117281788800,2.3490,3837.8906,9015.3154281788838,2.4018,3828.1250,9194.4512281788878,2.4810,3740.2344,9279.5088281788917,2.3490,3823.2422,8980.9063281788957,2.4546,3784.1797,9288.6582281788996,2.4546,3779.2969,9276.6729281789036,2.4810,3798.8281,9424.8799281789076,2.3754,3784.1797,8989.0244281789115,2.6130,3798.8281,9926.2031281789155,2.4810,3789.0625,9400.6514281789194,2.6394,3789.0625,10000.6920281789235,2.3754,3813.4766,9058.6172281789275,2.4810,3784.1797,9388.5371281789314,2.6394,3803.7109,10039.3550281789355,2.5866,3750.0000,9699.6416281789393,2.5074,3715.8203,9317.0117281789433,2.4810,3798.8281,9424.8799281789473,2.4018,3779.2969,9077.1748281789512,2.4282,3808.5938,9248.0635281789552,2.5074,3774.4141,9463.9287281789591,2.3490,3823.2422,8980.9063281789631,2.2435,3818.3594,8566.3154281789671,2.3754,3828.1250,9093.4131281789710,2.3754,3828.1250,9093.4131281789750,2.2698,3818.3594,8667.0947281789789,2.2962,3798.8281,8723.0273281789829,2.4282,3784.1797,9188.7813281789869,2.6130,3779.2969,9875.1689281789907,2.4810,3657.2266,9073.5664281789947,2.5602,3774.4141,9663.1689281789986,2.4810,3808.5938,9449.1084281790026,2.4810,3774.4141,9364.3086281790066,2.4018,3818.3594,9170.9961281790105,2.2962,3784.1797,8689.3906281790145,2.2962,3828.1250,8790.2998281790184,2.3490,3818.3594,8969.4365281790224,2.2698,3828.1250,8689.2617281790264,2.2435,3818.3594,8566.3154281790303,2.1907,3823.2422,8375.4512281790343,2.2962,3833.0078,8801.5117281790382,2.4546,3789.0625,9300.6436281790422,2.4810,3808.5938,9449.1084281790460,2.4546,3764.6484,9240.7168281790500,2.4810,3789.0625,9400.6514281790540,2.5866,3759.7656,9724.9004281790579,2.7185,3759.7656,10221.0680281790620,2.5602,3813.4766,9763.1758281790659,2.5602,3774.4141,9663.1689281790699,2.6130,3793.9453,9913.4453281790739,2.5074,3803.7109,9537.3877281790778,2.2962,3798.8281,8723.0273281790818,2.1379,3862.3047,8257.1445281790857,2.2435,3828.1250,8588.2236281790897,2.1907,3828.1250,8386.1475281790937,2.1907,3901.3672,8546.5967281790976,2.2698,3813.4766,8656.0117281791015,2.3754,3808.5938,9047.0186281791054,2.5602,3769.5313,9650.6680281791094,2.6130,3793.9453,9913.4453281791134,2.5866,3779.2969,9775.4199281791173,2.4810,3803.7109,9436.9941281791213,2.4810,3798.8281,9424.8799281791252,2.4810,3779.2969,9376.4229281791292,2.4546,3803.7109,9336.6006281791332,2.2962,3793.9453,8711.8145281791371,2.3226,3833.0078,8902.6787281791411,2.3754,3793.9453,9012.2217281791450,2.4018,3818.3594,9170.9961281791490,2.3490,3803.7109,8935.0264281791529,2.3490,3808.5938,8946.4961281791568,2.5602,3808.5938,9750.6758281791608,2.5074,3774.4141,9463.9287281791647,2.4282,3813.4766,9259.9199281791687,2.5338,3789.0625,9600.6650281791726,2.4810,3803.7109,9436.9941281791766,2.5602,3779.2969,9675.6699281791806,2.3754,3808.5938,9047.0186281791845,2.4282,3813.4766,9259.9199281791885,2.3490,3813.4766,8957.9668281791924,2.4810,3823.2422,9485.4512281791964,2.3226,3813.4766,8857.3145281792004,2.5602,3833.0078,9813.1797281792043,2.3754,3803.7109,9035.4199281792082,2.5074,3818.3594,9574.1172281792121,2.2962,3808.5938,8745.4512281792161,2.2962,3808.5938,8745.4512281792201,2.3490,3847.6563,9038.2559281792240,2.5074,3784.1797,9488.4150281792280,2.6394,3779.2969,9974.9180281792319,2.6921,3745.1172,10082.3990281792360,2.6658,3750.0000,9996.5693281792400,2.5866,3789.0625,9800.6787281792439,2.6658,3754.8828,10009.5850281792480,2.6394,3789.0625,10000.6920281792520,2.5602,3789.0625,9700.6719281792560,2.4018,3793.9453,9112.3584281792600,2.3490,3886.7188,9130.0146281792638,2.2435,3789.0625,8500.5889281792678,2.2171,3847.6563,8530.4883281792717,2.1115,3837.8906,8103.6538281792757,2.0851,3842.7734,8012.5400281792797,2.2435,3842.7734,8621.0869281792836,2.4282,3813.4766,9259.9199281792876,2.2962,3852.5391,8846.3604281792915,2.2171,3798.8281,8422.2334281792955,2.3754,3833.0078,9105.0117281792995,2.4018,3793.9453,9112.3584281793034,2.3226,3833.0078,8902.6787281793074,2.2962,3808.5938,8745.4512281793113,2.4282,3798.8281,9224.3506281793153,2.6130,3784.1797,9887.9277281793192,2.5866,3789.0625,9800.6787281793231,2.6658,3798.8281,10126.7320281793272,2.5602,3784.1797,9688.1709281793311,2.5866,3764.6484,9737.5303281793351,2.6394,3774.4141,9962.0303281793391,2.4546,3828.1250,9396.5273281793430,2.5338,3803.7109,9637.7803281793470,2.5338,3784.1797,9588.2930281793509,2.5338,3793.9453,9613.0371281793549,2.3490,3808.5938,8946.4961281793588,2.2698,3823.2422,8678.1777281793628,2.2698,3842.7734,8722.5107281793668,2.1643,3852.5391,8337.9492281793707,2.1907,3852.5391,8439.6309281793746,2.3226,3813.4766,8857.3145281793785,2.2435,3833.0078,8599.1787281793825,2.4018,3779.2969,9077.1748281793865,2.5074,3798.8281,9525.1445281793904,2.5602,3784.1797,9688.1709281793944,2.3490,3808.5938,8946.4961281793983,2.4018,3813.4766,9159.2686281794023,2.5602,3793.9453,9713.1729281794063,2.4282,3793.9453,9212.4941281794102,2.6921,3774.4141,10161.2710281794143,2.5074,3769.5313,9451.6855281794182,2.5338,3769.5313,9551.1768281794222,2.5866,3784.1797,9788.0498281794262,2.4282,3808.5938,9248.0635281794300,2.3754,3784.1797,8989.0244281794340,2.3226,3818.3594,8868.6563281794379,2.4018,3774.4141,9065.4473281794419,2.4546,3798.8281,9324.6152281794459,2.4546,3789.0625,9300.6436281794498,2.4282,3793.9453,9212.4941281794538,2.3754,3823.2422,9081.8145281794577,2.4018,3803.7109,9135.8135281794617,2.1643,3847.6563,8327.3818281794657,2.2171,3833.0078,8498.0117281794696,2.4282,3750.0000,9105.7861281794736,2.4810,3784.1797,9388.5371281794775,2.4810,3774.4141,9364.3086281794814,2.5074,3803.7109,9537.3877281794853,2.5602,3784.1797,9688.1709281794893,2.5338,3784.1797,9588.2930281794933,2.4018,3764.6484,9041.9922281794972,2.3490,3823.2422,8980.9063281795012,2.3754,3803.7109,9035.4199281795051,2.4018,3808.5938,9147.5410281795091,2.3754,3798.8281,9023.8213281795131,2.4018,3798.8281,9124.0859281795170,2.3754,3823.2422,9081.8145281795210,2.4018,3769.5313,9053.7197281795249,2.4282,3803.7109,9236.2070281795289,2.4018,3789.0625,9100.6309281795329,2.3754,3803.7109,9035.4199281795367,2.4018,3793.9453,9112.3584281795407,2.5866,3769.5313,9750.1602281795446,2.5866,3754.8828,9712.2705281795486,2.5602,3779.2969,9675.6699281795526,2.4810,3813.4766,9461.2227281795565,2.3754,3789.0625,9000.6230281795605,2.4546,3813.4766,9360.5713281795644,2.4018,3779.2969,9077.1748281795684,2.3754,3823.2422,9081.8145281795724,2.3226,3823.2422,8879.9971281795763,2.2698,3813.4766,8656.0117281795803,2.4018,3803.7109,9135.8135281795842,2.4282,3779.2969,9176.9248281795881,2.2435,3852.5391,8642.9961281795921,2.3226,3833.0078,8902.6787281795960,2.1907,3837.8906,8407.5410281796000,2.2962,3764.6484,8644.5420281796039,2.3490,3813.4766,8957.9668281796079,2.4810,3789.0625,9400.6514281796118,2.4018,3789.0625,9100.6309281796158,2.5602,3784.1797,9688.1709281796198,2.7449,3750.0000,10293.4960281796238,2.6394,3774.4141,9962.0303281796278,2.4546,3803.7109,9336.6006281796317,2.5602,3769.5313,9650.6680281796357,2.5074,3798.8281,9525.1445281796397,2.4810,3759.7656,9327.9658281796435,2.4810,3813.4766,9461.2227281796475,2.6394,3764.6484,9936.2549281796514,2.6394,3769.5313,9949.1426281796554,2.3754,3808.5938,9047.0186281796594,2.3490,3793.9453,8912.0869281796633,2.3490,3813.4766,8957.9668281796673,2.4018,3779.2969,9077.1748281796712,2.3490,3823.2422,8980.9063281796752,2.4018,3774.4141,9065.4473281796792,2.4810,3798.8281,9424.8799281796831,2.5074,3789.0625,9500.6582281796871,2.4546,3789.0625,9300.6436281796910,2.3490,3823.2422,8980.9063281796950,2.3754,3784.1797,8989.0244281796989,2.4810,3808.5938,9449.1084281797028,2.5866,3789.0625,9800.6787281797068,2.5602,3774.4141,9663.1689281797107,2.4282,3803.7109,9236.2070281797147,2.2962,3793.9453,8711.8145281797187,2.3490,3803.7109,8935.0264281797226,2.2698,3793.9453,8611.6787281797266,2.1907,3828.1250,8386.1475281797305,2.2171,3789.0625,8400.5820281797345,2.4018,3798.8281,9124.0859281797384,2.5074,3793.9453,9512.9014281797424,2.4018,3813.4766,9159.2686281797464,2.3226,3823.2422,8879.9971281797502,2.5074,3784.1797,9488.4150281797542,2.3490,3818.3594,8969.4365281797581,2.3490,3784.1797,8889.1475281797621,2.3754,3823.2422,9081.8145281797661,2.4546,3774.4141,9264.6875281797700,2.5866,3779.2969,9775.4199281797740,2.6130,3779.2969,9875.1689281797779,2.5866,3759.7656,9724.9004281797819,2.6394,3750.0000,9897.5928281797859,2.6130,3740.2344,9773.1006281797898,2.5602,3808.5938,9750.6758281797938,2.4810,3793.9453,9412.7656281797977,2.4810,3784.1797,9388.5371281798017,2.3490,3823.2422,8980.9063281798056,2.4546,3793.9453,9312.6289281798095,2.1643,3847.6563,8327.3818281798135,2.1379,3813.4766,8152.7554281798174,2.2962,3833.0078,8801.5117281798214,2.3226,3798.8281,8823.2920281798254,2.2698,3837.8906,8711.4277281798293,2.2171,3798.8281,8422.2334281798333,2.4810,3798.8281,9424.8799281798372,2.4282,3789.0625,9200.6377281798412,2.4282,3779.2969,9176.9248281798452,2.5338,3818.3594,9674.8965281798491,2.5074,3779.2969,9476.1719281798531,2.6130,3779.2969,9875.1689281798569,2.5074,3750.0000,9402.7139281798609,2.4018,3793.9453,9112.3584281798648,2.4810,3803.7109,9436.9941281798688,2.7185,3730.4688,10141.4240281798729,2.5866,3774.4141,9762.7900281798768,2.4282,3803.7109,9236.2070281798808,2.5074,3798.8281,9525.1445281798847,2.4810,3813.4766,9461.2227281798887,2.3754,3784.1797,8989.0244281798927,2.1907,3837.8906,8407.5410281798966,2.1643,3823.2422,8274.5430281799006,2.1379,3842.7734,8215.3887281799045,2.3754,3823.2422,9081.8145281799085,2.3490,3789.0625,8900.6172281799124,2.2962,3833.0078,8801.5117281799163,2.4018,3793.9453,9112.3584281799203,2.4810,3808.5938,9449.1084281799242,2.4546,3759.7656,9228.7314281799282,2.4018,3813.4766,9159.2686281799322,2.3754,3808.5938,9047.0186281799361,2.3754,3730.4688,8861.4385281799401,2.4018,3823.2422,9182.7236281799440,2.3754,3837.8906,9116.6104281799480,2.2435,3842.7734,8621.0869281799520,2.3754,3784.1797,8989.0244281799559,2.5074,3789.0625,9500.6582281799599,2.6130,3769.5313,9849.6514281799638,2.4810,3798.8281,9424.8799281799677,2.5338,3789.0625,9600.6650281799717,2.6921,3764.6484,10134.9800281799757,2.5074,3789.0625,9500.6582281799797,2.5338,3784.1797,9588.2930281799836,2.3490,3813.4766,8957.9668281799876,2.3754,3803.7109,9035.4199281799916,2.4018,3784.1797,9088.9033281799955,2.2962,3828.1250,8790.2998281799995,2.3226,3803.7109,8834.6328281800034,2.4546,3813.4766,9360.5713281800074,2.4546,3793.9453,9312.6289281800113,2.4810,3769.5313,9352.1943281800153,2.4546,3789.0625,9300.6436281800193,2.4018,3769.5313,9053.7197281800231,2.3490,3823.2422,8980.9063281800271,2.4810,3779.2969,9376.4229281800310,2.4018,3808.5938,9147.5410281800350,2.3226,3784.1797,8789.2686281800390,2.3490,3808.5938,8946.4961281800429,2.5338,3759.7656,9526.4326281800469,2.5602,3779.2969,9675.6699281800508,2.5074,3774.4141,9463.9287281800548,2.3490,3808.5938,8946.4961281800588,2.1907,3789.0625,8300.5752281800627,2.1379,3798.8281,8121.4390281800667,2.1643,3862.3047,8359.0850281800706,2.2962,3808.5938,8745.4512281800745,2.3490,3798.8281,8923.5566281800785,2.4546,3789.0625,9300.6436281800824,2.4282,3784.1797,9188.7813281800864,2.3754,3818.3594,9070.2158281800903,2.4018,3789.0625,9100.6309281800943,2.4282,3818.3594,9271.7764281800983,2.4282,3754.8828,9117.6426281801022,2.5602,3808.5938,9750.6758281801062,2.4810,3779.2969,9376.4229281801101,2.6130,3784.1797,9887.9277281801141,2.6130,3779.2969,9875.1689281801181,2.5074,3784.1797,9488.4150281801220,2.4282,3818.3594,9271.7764281801260,2.4546,3784.1797,9288.6582281801298,2.5338,3793.9453,9613.0371281801338,2.5866,3764.6484,9737.5303281801377,2.4810,3774.4141,9364.3086281801417,2.4546,3833.0078,9408.5127281801457,2.4282,3784.1797,9188.7813281801496,2.4282,3808.5938,9248.0635281801536,2.2962,3789.0625,8700.6025281801575,2.1907,3852.5391,8439.6309281801615,2.0851,3823.2422,7971.8154281801655,2.3754,3803.7109,9035.4199281801694,2.3226,3867.1875,8982.0654281801734,2.3226,3808.5938,8845.9736281801773,2.3490,3818.3594,8969.4365281801812,2.5074,3789.0625,9500.6582281801852,2.5338,3803.7109,9637.7803281801891,2.4018,3764.6484,9041.9922281801931,2.2435,3823.2422,8577.2695281801970,2.3754,3798.8281,9023.8213281802010,2.4546,3798.8281,9324.6152281802050,2.4810,3779.2969,9376.4229281802089,2.5602,3779.2969,9675.6699281802129,2.7449,3789.0625,10400.7210281802169,2.6394,3784.1797,9987.8047281802209,2.5338,3789.0625,9600.6650281802249,2.5074,3784.1797,9488.4150281802288,2.4018,3803.7109,9135.8135281802328,2.4546,3833.0078,9408.5127281802366,2.3490,3793.9453,8912.0869281802406,2.2962,3823.2422,8779.0879281802446,2.3226,3784.1797,8789.2686281802485,2.3226,3833.0078,8902.6787281802525,2.4546,3808.5938,9348.5859281802564,2.1907,3833.0078,8396.8447281802604,2.1643,3818.3594,8263.9746281802644,2.1643,3862.3047,8359.0850281802683,2.3754,3808.5938,9047.0186281802723,2.4810,3715.8203,9218.9375281802762,2.5074,3789.0625,9500.6582281802802,2.4546,3769.5313,9252.7021281802841,2.4546,3774.4141,9264.6875281802881,2.4810,3779.2969,9376.4229281802920,2.4810,3730.4688,9255.2803281802959,2.3754,3784.1797,8989.0244281802999,2.4810,3779.2969,9376.4229281803038,2.4018,3818.3594,9170.9961281803078,2.3754,3784.1797,8989.0244281803118,2.1907,3852.5391,8439.6309281803157,2.1643,3813.4766,8253.4072281803197,2.2435,3833.0078,8599.1787281803236,2.2698,3779.2969,8578.4287281803276,2.3490,3833.0078,9003.8457281803316,2.4018,3808.5938,9147.5410281803355,2.5338,3779.2969,9575.9209281803395,2.5338,3784.1797,9588.2930281803433,2.5074,3789.0625,9500.6582281803473,2.5602,3784.1797,9688.1709281803513,2.6658,3730.4688,9944.5029281803552,2.6658,3764.6484,10035.6180281803593,2.5074,3769.5313,9451.6855281803632,2.5074,3779.2969,9476.1719281803672,2.5866,3793.9453,9813.3086281803712,2.5602,3774.4141,9663.1689281803751,2.3490,3813.4766,8957.9668281803791,2.2435,3818.3594,8566.3154281803830,2.1115,3847.6563,8124.2739281803870,2.2435,3837.8906,8610.1328281803910,2.1115,3837.8906,8103.6538281803949,2.0587,3862.3047,7951.3242281803988,2.0587,3789.0625,7800.5405281804027,2.2171,3828.1250,8487.1855281804067,2.3226,3784.1797,8789.2686281804106,2.4810,3774.4141,9364.3086281804146,2.5602,3754.8828,9613.1660281804186,2.6658,3759.7656,10022.6020281804226,2.7977,3764.6484,10532.4310281804267,2.7713,3745.1172,10378.9400281804308,2.6658,3759.7656,10022.6020281804348,2.6658,3754.8828,10009.5850281804389,2.6658,3769.5313,10048.6350281804429,2.7185,3750.0000,10194.5210281804470,2.4546,3754.8828,9216.7461281804510,2.4546,3808.5938,9348.5859281804549,2.3226,3779.2969,8777.9277281804589,2.3754,3813.4766,9058.6172281804627,2.1907,3823.2422,8375.4512281804667,2.1379,3828.1250,8184.0723281804707,2.0851,3818.3594,7961.6343281804746,2.2435,3793.9453,8511.5439281804786,2.2962,3847.6563,8835.1484281804825,2.2435,3803.7109,8533.4521281804865,2.3490,3833.0078,9003.8457281804904,2.4810,3750.0000,9303.7373281804944,2.5602,3779.2969,9675.6699281804984,2.4810,3759.7656,9327.9658281805023,2.5866,3769.5313,9750.1602281805063,2.6394,3784.1797,9987.8047281805102,2.6394,3759.7656,9923.3672281805142,2.4282,3789.0625,9200.6377281805181,2.5074,3784.1797,9488.4150281805220,2.4282,3789.0625,9200.6377281805260,2.4282,3813.4766,9259.9199281805299,2.2962,3818.3594,8767.8750281805339,2.3226,3823.2422,8879.9971281805379,2.2698,3813.4766,8656.0117281805418,2.2171,3833.0078,8498.0117281805458,2.3490,3774.4141,8866.2070281805497,2.3754,3784.1797,8989.0244281805537,2.4018,3784.1797,9088.9033281805577,2.3490,3808.5938,8946.4961281805616,2.4018,3803.7109,9135.8135281805656,2.3754,3798.8281,9023.8213281805694,2.4546,3833.0078,9408.5127281805734,2.3754,3798.8281,9023.8213281805774,2.4810,3798.8281,9424.8799281805813,2.6658,3798.8281,10126.7320281805854,2.6921,3774.4141,10161.2710281805894,2.5338,3803.7109,9637.7803281805934,2.4810,3769.5313,9352.1943281805974,2.4810,3813.4766,9461.2227281806013,2.5074,3735.3516,9365.9844281806053,2.2435,3818.3594,8566.3154281806092,2.2962,3818.3594,8767.8750281806132,2.2435,3828.1250,8588.2236281806172,2.4018,3784.1797,9088.9033281806211,2.3226,3793.9453,8811.9512281806251,2.2962,3808.5938,8745.4512281806289,2.3490,3789.0625,8900.6172281806329,2.4282,3798.8281,9224.3506281806368,2.4810,3784.1797,9388.5371281806408,2.2698,3837.8906,8711.4277281806448,2.2962,3798.8281,8723.0273281806487,2.4282,3818.3594,9271.7764281806527,2.4546,3813.4766,9360.5713281806566,2.4018,3793.9453,9112.3584281806606,2.3490,3823.2422,8980.9063281806646,2.4282,3789.0625,9200.6377281806685,2.4546,3818.3594,9372.5566281806725,2.6921,3750.0000,10095.5450281806765,2.5866,3789.0625,9800.6787281806804,2.6130,3789.0625,9900.6865281806844,2.5602,3769.5313,9650.6680281806883,2.7185,3774.4141,10260.8910281806924,2.4810,3657.2266,9073.5664281806963,2.4546,3793.9453,9312.6289281807003,2.5338,3798.8281,9625.4082281807043,2.5602,3769.5313,9650.6680281807082,2.4546,3808.5938,9348.5859281807122,2.4018,3779.2969,9077.1748281807161,2.2698,3789.0625,8600.5957281807201,2.3490,3798.8281,8923.5566281807241,2.2962,3813.4766,8756.6631281807280,2.3490,3808.5938,8946.4961281807320,2.3490,3798.8281,8923.5566281807358,2.3226,3818.3594,8868.6563281807398,2.5074,3779.2969,9476.1719281807438,2.4810,3847.6563,9546.0225281807477,2.4282,3774.4141,9165.0684281807517,2.3226,3808.5938,8845.9736281807556,2.2962,3784.1797,8689.3906281807596,2.4282,3779.2969,9176.9248281807636,2.3490,3789.0625,8900.6172281807675,2.3226,3808.5938,8845.9736281807715,2.4810,3798.8281,9424.8799281807754,2.5074,3759.7656,9427.2002281807794,2.4810,3793.9453,9412.7656281807833,2.4018,3779.2969,9077.1748281807873,2.5338,3784.1797,9588.2930281807912,2.4810,3784.1797,9388.5371281807951,2.3754,3803.7109,9035.4199281807991,2.2171,3837.8906,8508.8369281808030,2.1379,3730.4688,7975.2949281808070,2.2435,3833.0078,8599.1787281808110,2.2698,3808.5938,8644.9287281808149,2.3226,3833.0078,8902.6787281808189,2.2171,3818.3594,8465.5352281808228,2.3754,3808.5938,9047.0186281808268,2.6394,3789.0625,10000.6920281808309,2.5602,3764.6484,9638.1680281808348,2.6921,3759.7656,10121.8360281808389,2.7713,3740.2344,10365.4090281808429,2.9033,3701.1719,10745.5900281808470,2.7713,3735.3516,10351.8770281808510,2.6394,3789.0625,10000.6920281808550,2.5338,3774.4141,9563.5488281808590,2.4810,3779.2969,9376.4229281808629,2.4018,3823.2422,9182.7236281808669,2.2171,3813.4766,8454.7090281808709,2.1115,3862.3047,8155.2041281808748,2.1379,3813.4766,8152.7554281808788,2.2698,3818.3594,8667.0947281808827,2.2435,3764.6484,8445.8174281808867,2.3490,3803.7109,8935.0264281808907,2.5338,3798.8281,9625.4082281808946,2.8241,3745.1172,10576.6350281808987,2.6658,3769.5313,10048.6350281809027,2.5866,3774.4141,9762.7900281809067,2.6394,3769.5313,9949.1426281809106,2.5338,3793.9453,9613.0371281809145,2.3754,3769.5313,8954.2285281809185,2.3754,3818.3594,9070.2158281809224,2.3490,3823.2422,8980.9063281809264,2.3490,3803.7109,8935.0264281809304,2.3490,3818.3594,8969.4365281809343,2.3490,3793.9453,8912.0869281809383,2.4810,3818.3594,9473.3369281809422,2.4282,3784.1797,9188.7813281809462,2.4282,3823.2422,9283.6328281809502,2.4018,3779.2969,9077.1748281809541,2.5074,3808.5938,9549.6309281809581,2.4018,3769.5313,9053.7197281809619,2.4282,3784.1797,9188.7813281809659,2.4546,3803.7109,9336.6006281809699,2.4546,3798.8281,9324.6152281809738,2.5338,3803.7109,9637.7803281809778,2.5602,3784.1797,9688.1709281809817,2.5338,3959.9609,10033.6850281809858,2.5338,3764.6484,9538.8047281809897,2.4810,3808.5938,9449.1084281809937,2.3490,3818.3594,8969.4365281809977,2.2962,3818.3594,8767.8750281810016,2.3754,3823.2422,9081.8145281810056,2.3226,3803.7109,8834.6328281810095,2.1907,3842.7734,8418.2373281810135,2.1907,3808.5938,8343.3613281810174,2.1643,3837.8906,8306.2461281810213,2.3490,3803.7109,8935.0264281810253,2.3226,3793.9453,8811.9512281810292,2.2962,3779.2969,8678.1787281810332,2.5338,3769.5313,9551.1768281810372,2.6130,3779.2969,9875.1689281810411,2.5602,3754.8828,9613.1660281810451,2.4546,3798.8281,9324.6152281810490,2.5866,3754.8828,9712.2705281810530,2.6130,3764.6484,9836.8936281810570,2.6130,3833.0078,10015.5140281810610,2.5602,3764.6484,9638.1680281810650,2.4018,3813.4766,9159.2686281810689,2.3490,3803.7109,8935.0264281810728,2.3754,3793.9453,9012.2217281810768,2.3490,3813.4766,8957.9668281810807,2.1907,3828.1250,8386.1475281810847,2.1643,3837.8906,8306.2461281810886,2.2171,3793.9453,8411.4072281810926,2.2435,3833.0078,8599.1787281810966,2.1643,3798.8281,8221.7041281811005,2.2698,3779.2969,8578.4287281811045,2.4546,3784.1797,9288.6582281811084,2.5866,3784.1797,9788.0498281811124,2.6130,3779.2969,9875.1689281811164,2.5338,3808.5938,9650.1523281811203,2.4546,3798.8281,9324.6152281811243,2.5866,3754.8828,9712.2705281811281,2.7713,3779.2969,10473.6640281811322,2.6658,3754.8828,10009.5850281811363,2.5602,3808.5938,9750.6758281811402,2.3226,3813.4766,8857.3145281811442,2.2962,3730.4688,8566.0576281811481,2.3226,3823.2422,8879.9971281811521,2.2171,3813.4766,8454.7090281811560,2.1115,3842.7734,8113.9639281811600,2.2698,3842.7734,8722.5107281811640,2.3226,3793.9453,8811.9512281811679,2.3226,3808.5938,8845.9736281811719,2.3490,3793.9453,8912.0869281811758,2.3754,3818.3594,9070.2158281811798,2.5602,3774.4141,9663.1689281811837,2.5866,3769.5313,9750.1602281811876,2.6394,3769.5313,9949.1426281811916,2.5602,3769.5313,9650.6680281811955,2.4546,3842.7734,9432.4834281811995,2.4810,3759.7656,9327.9658281812035,2.4282,3793.9453,9212.4941281812074,2.3226,3813.4766,8857.3145281812114,2.3754,3828.1250,9093.4131281812153,2.2698,3789.0625,8600.5957281812193,2.3226,3793.9453,8811.9512281812233,2.1907,3828.1250,8386.1475281812272,2.3490,3784.1797,8889.1475281812312,2.4810,3803.7109,9436.9941281812350,2.4018,3779.2969,9077.1748281812390,2.4810,3784.1797,9388.5371281812430,2.5074,3793.9453,9512.9014281812469,2.3754,3798.8281,9023.8213281812509,2.4018,3813.4766,9159.2686281812548,2.4546,3842.7734,9432.4834281812588,2.4282,3798.8281,9224.3506281812628,2.4018,3798.8281,9124.0859281812667,2.2435,3823.2422,8577.2695281812707,2.2435,3808.5938,8544.4063281812746,2.3226,3803.7109,8834.6328281812786,2.4018,3803.7109,9135.8135281812825,2.4810,3798.8281,9424.8799281812865,2.5338,3803.7109,9637.7803281812904,2.6921,3754.8828,10108.6900281812944,2.6394,3764.6484,9936.2549281812984,2.6921,3774.4141,10161.2710281813024,2.4810,3764.6484,9340.0801281813064,2.3754,3818.3594,9070.2158281813104,2.0851,3808.5938,7941.2725281813143,2.1643,3847.6563,8327.3818281813183,2.2698,3798.8281,8622.7617281813222,2.3490,3813.4766,8957.9668281813262,2.3754,3793.9453,9012.2217281813302,2.2698,3808.5938,8644.9287281813341,2.4018,3823.2422,9182.7236281813381,2.4546,3789.0625,9300.6436281813420,2.4546,3813.4766,9360.5713281813459,2.5338,3754.8828,9514.0605281813499,2.6130,3803.7109,9938.9619281813538,2.6658,3750.0000,9996.5693281813578,2.6658,3750.0000,9996.5693281813617,2.7449,3754.8828,10306.8990281813658,2.4018,3769.5313,9053.7197281813698,2.3754,3828.1250,9093.4131281813737,2.3754,3789.0625,9000.6230281813777,2.3226,3828.1250,8891.3379281813816,2.3754,3798.8281,9023.8213281813856,2.2698,3793.9453,8611.6787281813896,2.3754,3823.2422,9081.8145281813935,2.3226,3789.0625,8800.6094281813975,2.2962,3823.2422,8779.0879281814013,2.4018,3833.0078,9206.1787281814053,2.4810,3813.4766,9461.2227281814093,2.4810,3759.7656,9327.9658281814132,2.6130,3793.9453,9913.4453281814172,2.6130,3759.7656,9824.1348281814211,2.5602,3833.0078,9813.1797281814251,2.6394,3769.5313,9949.1426281814290,2.5338,3793.9453,9613.0371281814330,2.4282,3823.2422,9283.6328281814370,2.5602,3774.4141,9663.1689281814409,2.4546,3813.4766,9360.5713281814449,2.4018,3789.0625,9100.6309281814488,2.1643,3842.7734,8316.8135281814528,2.2698,3823.2422,8678.1777281814567,2.4018,3808.5938,9147.5410281814606,2.4282,3803.7109,9236.2070281814646,2.4018,3798.8281,9124.0859281814685,2.4546,3803.7109,9336.6006281814725,2.4546,3745.1172,9192.7754281814765,2.7185,3784.1797,10287.4390281814805,2.6658,3750.0000,9996.5693281814845,2.5338,3779.2969,9575.9209281814884,2.4018,3803.7109,9135.8135281814924,2.4810,3779.2969,9376.4229281814964,2.2698,3833.0078,8700.3447281815003,2.2698,3818.3594,8667.0947281815043,2.1115,3833.0078,8093.3442281815081,2.2698,3818.3594,8667.0947281815121,2.4018,3798.8281,9124.0859281815161,2.4810,3789.0625,9400.6514281815200,2.4282,3789.0625,9200.6377281815240,2.4282,3793.9453,9212.4941281815279,2.5338,3647.4609,9241.8770281815319,2.4546,3798.8281,9324.6152281815359,2.4810,3774.4141,9364.3086281815398,2.4546,3808.5938,9348.5859281815438,2.5074,3774.4141,9463.9287281815477,2.4546,3793.9453,9312.6289281815517,2.4018,3803.7109,9135.8135281815557,2.4810,3813.4766,9461.2227281815596,2.4810,3823.2422,9485.4512281815635,2.5338,3769.5313,9551.1768281815674,2.5338,3808.5938,9650.1523281815714,2.4282,3764.6484,9141.3555281815753,2.3490,3852.5391,9049.7256281815793,2.3226,3803.7109,8834.6328281815833,2.3226,3823.2422,8879.9971281815872,2.2698,3818.3594,8667.0947281815912,2.2698,3808.5938,8644.9287281815951,2.3754,3808.5938,9047.0186281815991,2.3490,3798.8281,8923.5566281816031,2.3754,3833.0078,9105.0117281816070,2.3490,3789.0625,8900.6172281816110,2.5074,3793.9453,9512.9014281816148,2.5338,3764.6484,9538.8047281816188,2.6658,3764.6484,10035.6180281816229,2.4810,3789.0625,9400.6514281816268,2.5074,3779.2969,9476.1719281816308,2.4282,3691.4063,8963.5078281816347,2.5338,3764.6484,9538.8047281816387,2.4546,3789.0625,9300.6436281816427,2.2962,3784.1797,8689.3906281816466,2.2962,3808.5938,8745.4512281816506,2.2698,3789.0625,8600.5957281816545,2.2962,3808.5938,8745.4512281816585,2.2435,3847.6563,8632.0420281816625,2.1115,3828.1250,8083.0342281816664,2.0851,3837.8906,8002.3589281816704,2.2435,3803.7109,8533.4521281816742,2.2171,3833.0078,8498.0117281816782,2.3754,3808.5938,9047.0186281816822,2.3754,3769.5313,8954.2285281816861,2.6130,3769.5313,9849.6514281816901,2.5602,3789.0625,9700.6719281816940,2.5074,3789.0625,9500.6582281816980,2.5338,3779.2969,9575.9209281817019,2.4018,3774.4141,9065.4473281817059,2.2698,3793.9453,8611.6787281817099,2.2435,3837.8906,8610.1328281817138,2.0587,3823.2422,7870.9063281817178,1.9003,3872.0703,7358.2417281817217,1.8212,3852.5391,7016.0791281817256,1.7420,3886.7188,6770.5723281817296,1.9531,3857.4219,7534.0273281817335,2.1115,3842.7734,8113.9639281817375,2.2962,3813.4766,8756.6631281817414,2.3226,3818.3594,8868.6563281817454,2.1379,3837.8906,8204.9502281817494,2.1643,3818.3594,8263.9746281817533,2.2435,3842.7734,8621.0869281817573,2.4546,3769.5313,9252.7021281817612,2.4282,3793.9453,9212.4941281817652,2.6130,3745.1172,9785.8584281817692,2.5866,3798.8281,9825.9385281817731,2.4546,3793.9453,9312.6289281817771,2.4018,3789.0625,9100.6309281817809,2.1379,3837.8906,8204.9502281817849,2.4018,3779.2969,9077.1748281817889,2.2962,3808.5938,8745.4512281817928,2.2962,3793.9453,8711.8145281817968,2.1115,3833.0078,8093.3442281818007,2.3490,3798.8281,8923.5566281818047,2.3226,3808.5938,8845.9736281818087,2.4810,3784.1797,9388.5371281818126,2.1643,3813.4766,8253.4072281818166,2.0587,3852.5391,7931.2197281818205,2.1379,3813.4766,8152.7554281818245,2.2171,3828.1250,8487.1855281818284,2.4018,3823.2422,9182.7236281818323,2.2435,3857.4219,8653.9502281818363,2.1115,3818.3594,8062.4141281818402,2.0851,3833.0078,7992.1777281818442,2.2962,3813.4766,8756.6631281818481,2.2962,3823.2422,8779.0879281818521,2.0851,3867.1875,8063.4458281818561,2.2171,3803.7109,8433.0586281818600,2.2171,3818.3594,8465.5352281818640,2.4546,3798.8281,9324.6152281818679,2.0851,3852.5391,8032.9023281818719,2.1379,3813.4766,8152.7554281818759,2.1643,3837.8906,8306.2461281818798,2.2698,3818.3594,8667.0947281818838,2.0587,3828.1250,7880.9585281818876,2.1907,3828.1250,8386.1475281818916,2.0587,3808.5938,7840.7495281818956,2.3754,3828.1250,9093.4131281818995,2.3754,3798.8281,9023.8213281819035,2.3226,3828.1250,8891.3379281819074,2.3226,3808.5938,8845.9736281819114,2.2962,3798.8281,8723.0273281819154,2.2435,3808.5938,8544.4063281819193,2.1379,3852.5391,8236.2666281819233,2.1643,3847.6563,8327.3818281819272,2.1907,3818.3594,8364.7549281819312,2.1907,3847.6563,8428.9346281819352,2.2962,3789.0625,8700.6025281819390,2.0587,3842.7734,7911.1152281819430,2.1115,3828.1250,8083.0342281819469,2.1379,3837.8906,8204.9502281819509,2.3226,3813.4766,8857.3145281819548,2.1379,3837.8906,8204.9502281819588,2.2962,3813.4766,8756.6631281819628,2.2435,3818.3594,8566.3154281819667,2.3226,3837.8906,8914.0195281819707,2.1643,3828.1250,8285.1104281819746,2.1379,3837.8906,8204.9502281819786,2.3226,3789.0625,8800.6094281819826,2.5602,3779.2969,9675.6699281819865,2.7449,3759.7656,10320.3030281819906,2.4810,3618.1641,8976.6523281819944,2.3754,3808.5938,9047.0186281819984,2.1643,3813.4766,8253.4072281820024,2.1379,3847.6563,8225.8281281820063,1.7948,3901.3672,7002.0317281820103,1.9003,3872.0703,7358.2417281820142,1.9795,3872.0703,7664.8350281820182,2.0323,3862.3047,7849.3838281820222,1.9267,3886.7188,7488.6631281820261,1.8476,3847.6563,7108.7397281820301,1.7420,3911.1328,6813.1011281820340,1.6892,3901.3672,6590.1475281820380,1.6100,3911.1328,6296.9570281820420,1.3461,3964.8438,5336.9678281820459,1.6100,3911.1328,6296.9570281820498,1.3725,3955.0781,5428.2109281820537,1.7156,3906.2500,6701.4951281820577,1.5308,3930.6641,6017.1694281820617,1.8212,3906.2500,7113.8950281820656,1.6628,3906.2500,6495.2954281820696,1.4780,3935.5469,5816.8979281820735,1.6892,3891.6016,6573.6514281820775,1.5308,3925.7813,6009.6948281820815,1.6892,3945.3125,6664.3794281820854,1.4516,3945.3125,5727.2007281820894,1.4780,3916.0156,5788.0298281820933,1.5308,3950.1953,6047.0688281820973,1.4780,3916.0156,5788.0298281821011,1.6628,3969.7266,6600.8442281821051,0.5807,4052.7344,2353.2559281821091,0.5543,4057.6172,2248.9961281821130,0.5543,4072.2656,2257.1152281821170,0.5015,4052.7344,2032.3572281821209,0.5543,4072.2656,2257.1152281821249,0.5543,4067.3828,2254.4087281821289,0.5279,4077.1484,2152.2109281821328,0.5015,4072.2656,2042.1517281821368,0.5279,4067.3828,2147.0559281821407,0.5543,4047.8516,2243.5833281821447,0.5807,4067.3828,2361.7615281821487,0.5015,4091.7969,2051.9463281821526,0.5015,4072.2656,2042.1517281821565,0.5015,4067.3828,2039.7031281821604,0.5543,4062.5000,2251.7024281821644,0.5015,4057.6172,2034.8058281821684,0.5015,4057.6172,2034.8058281821723,0.6334,4072.2656,2579.5601281821763,0.5543,4082.0313,2262.5278281821802,0.5015,4072.2656,2042.1517281821842,0.5543,4077.1484,2259.8215281821882,0.5015,4077.1484,2044.6003281821921,0.5279,4072.2656,2149.6333281821961,0.5279,4072.2656,2149.6333281822000,0.5279,4067.3828,2147.0559281822040,0.5015,4072.2656,2042.1517281822080,0.5015,4077.1484,2044.6003281822118,0.5015,4052.7344,2032.3572281822158,0.5015,4067.3828,2039.7031281822197,0.5279,4072.2656,2149.6333281822237,0.5279,4077.1484,2152.2109281822276,0.5543,3984.3750,2208.4004281822316,0.5015,4072.2656,2042.1517281822356,0.4751,4082.0313,1939.3096281822395,0.5279,4057.6172,2141.9009281822435,0.5279,4072.2656,2149.6333281822474,0.5543,4077.1484,2259.8215281822514,0.4751,4077.1484,1936.9899281822554,0.4487,4086.9141,1833.7611281822593,0.5279,4091.7969,2159.9434281822632,0.5015,4077.1484,2044.6003281822671,0.4751,4072.2656,1934.6700281822711,0.5543,4072.2656,2257.1152281822751,0.5279,4067.3828,2147.0559281822790,0.5015,4067.3828,2039.7031281822830,0.6071,4072.2656,2472.0786281822869,0.4751,4052.7344,1925.3911281822909,0.4751,4067.3828,1932.3503281822949,0.5015,4077.1484,2044.6003281822988,0.5015,4072.2656,2042.1517281823028,0.5807,4072.2656,2364.5969281823067,0.5015,4096.6797,2054.3948281823107,0.5279,4072.2656,2149.6333281823147,0.5543,4077.1484,2259.8215281823185,0.5279,4077.1484,2152.2109281823225,0.5279,4082.0313,2154.7883281823264,0.5015,4072.2656,2042.1517281823304,0.4751,4086.9141,1941.6294281823344,0.5279,4077.1484,2152.2109281823383,0.5807,4057.6172,2356.0911281823423,0.5015,4082.0313,2047.0490281823462,0.5279,4082.0313,2154.7883281823502,0.5279,4082.0313,2154.7883281823541,0.4487,4082.0313,1831.5702281823581,0.5279,4077.1484,2152.2109281823621,0.5279,4086.9141,2157.3660281823660,0.4751,4086.9141,1941.6294281823699,0.5015,4077.1484,2044.6003281823738,0.4751,4082.0313,1939.3096281823778,0.5015,4082.0313,2047.0490281823818,0.6598,4072.2656,2687.0417281823857,0.5015,4077.1484,2044.6003281823897,0.4751,4082.0313,1939.3096281823936,0.6598,4082.0313,2693.4856281823976,0.4751,4086.9141,1941.6294281824016,0.5279,4082.0313,2154.7883281824055,0.5279,4077.1484,2152.2109281824095,0.5015,4072.2656,2042.1517281824134,0.5807,4077.1484,2367.4321281824174,0.5279,4082.0313,2154.7883281824214,0.5543,4082.0313,2262.5278281824252,0.6862,4077.1484,2797.8743281824292,0.5015,4082.0313,2047.0490281824331,0.6862,4077.1484,2797.8743281824371,0.5015,4082.0313,2047.0490281824411,0.5543,4072.2656,2257.1152281824450,0.5015,4067.3828,2039.7031281824490,0.5279,4082.0313,2154.7883281824529,0.5015,4067.3828,2039.7031281824569,0.5279,4082.0313,2154.7883281824609,0.5279,4082.0313,2154.7883281824648,0.5279,4062.5000,2144.4785281824688,0.5279,4077.1484,2152.2109281824727,0.4751,4077.1484,1936.9899281824766,0.5015,4082.0313,2047.0490281824805,0.5015,4082.0313,2047.0490281824845,0.5015,4086.9141,2049.4976281824885,0.5279,4082.0313,2154.7883281824924,0.5015,4086.9141,2049.4976281824964,0.6071,4091.7969,2483.9351281825003,0.5015,4082.0313,2047.0490281825043,0.5807,4077.1484,2367.4321281825083,0.5279,4077.1484,2152.2109281825122,0.5543,4082.0313,2262.5278281825162,0.4751,4082.0313,1939.3096281825201,0.5279,4082.0313,2154.7883281825241,0.5279,4082.0313,2154.7883281825281,0.4751,4062.5000,1930.0306281825319,0.4751,4082.0313,1939.3096281825359,0.5279,4077.1484,2152.2109281825398,0.5807,4086.9141,2373.1025281825438,0.5543,4082.0313,2262.5278281825478,0.4751,4077.1484,1936.9899281825517,0.4751,4082.0313,1939.3096281825557,0.5807,4077.1484,2367.4321281825596,0.5279,4067.3828,2147.0559281825636,0.5543,4082.0313,2262.5278281825676,0.4751,4082.0313,1939.3096281825715,0.4223,4106.4453,1734.1407281825755,0.4751,4072.2656,1934.6700281825794,0.5279,4057.6172,2141.9009281825833,0.5279,4082.0313,2154.7883281825873,0.5279,4077.1484,2152.2109281825912,0.5279,4082.0313,2154.7883281825952,0.5015,4086.9141,2049.4976281825991,0.5015,4091.7969,2051.9463281826031,0.5279,4082.0313,2154.7883281826070,0.4751,4086.9141,1941.6294281826110,0.4751,4091.7969,1943.9491281826150,0.5279,4082.0313,2154.7883281826189,0.6071,4082.0313,2478.0068281826229,0.4751,4096.6797,1946.2688281826268,0.6071,4086.9141,2480.9709281826308,0.6862,4086.9141,2804.5757281826348,0.5279,4096.6797,2162.5210281826386,0.6071,4082.0313,2478.0068281826426,0.6071,4077.1484,2475.0427281826465,0.4751,4082.0313,1939.3096281826505,0.5015,4082.0313,2047.0490281826545,0.5015,4062.5000,2037.2544281826584,0.6334,4082.0313,2585.7461281826624,0.5279,4067.3828,2147.0559